flex_mean: 1832563.616861899
relax_mean: 4777.889291958128
temp_threshold: 17782.82808746347
