flex_mean: 1969194.9897106076
relax_mean: 437.78490030695554
temp_threshold: 8107.408440680391
